OCAR_alpha_ema: 0.8333118466209386
online_lr: 0.00011546949244947809
