OCAR_alpha_ema: 0.4609045528911133
online_lr: 0.00010007394371931883
