OCAR_alpha_ema: 0.3300768355376588
OCAR_regul: 0.06564666935240063
online_lr: 0.00041193337593265834
