OCAR_alpha_ema: 0.999381542254072
OCAR_regul: 0.3941631360600857
OCAR_regul_last: 0.06012351278473851
online_lr: 0.00010101565650171959
