OCAR_alpha_ema: 0.6074128984867264
OCAR_regul: 3.941858497535033e-05
OCAR_regul_last: 2.4492523417463066e-09
online_lr: 0.00010993738652334839
