OCAR_alpha_ema: 0.7363783358358362
online_lr: 0.00019623105771932696
