OCAR_alpha_ema: 0.23898378339633186
OCAR_regul: 0.08646432649198593
online_lr: 0.0003310791167840945
