OCAR_alpha_ema: 0.8792749941138981
online_lr: 0.08568327188394848
