OCAR_alpha_ema: 0.6232701660821787
online_lr: 0.000105460875348624
