OCAR_alpha_ema: 0.6799525394065574
online_lr: 0.00018245141867825844
