OCAR_alpha_ema: 0.142904557523814
OCAR_regul: 2.993043391298853e-07
OCAR_regul_last: 1.4199641289258177e-10
online_lr: 0.0003635120271107358
