OCAR_alpha_ema: 0.08437433614860751
OCAR_regul: 0.12826996455586176
online_lr: 0.000428776207912335
