OCAR_alpha_ema: 0.6897089993497456
OCAR_regul: 0.020190363784447832
online_lr: 0.0009740181333252815
