OCAR_alpha_ema: 0.9216911486638965
online_lr: 0.00017314959347960565
