OCAR_alpha_ema: 0.42837550745433783
OCAR_regul: 1.860184304926139e-08
OCAR_regul_last: 8.543995566819606e-09
online_lr: 0.0009162207853861777
