OCAR_alpha_ema: 0.5548965149124905
OCAR_regul: 0.14054211103075812
OCAR_score_lr: 0.09301814529279252
online_lr: 0.09301814529279252
