OCAR_alpha_ema: 0.5074564202767596
OCAR_regul: 0.01505439162318973
OCAR_score_lr: 0.0211445544334457
online_lr: 0.013466445081425839
