OCAR_alpha_ema: 0.9826607004675854
OCAR_regul: 0.11986814101116641
online_lr: 0.023575388019701746
