OCAR_alpha_ema: 0.4549871440187719
OCAR_regul: 0.14770968330286194
online_lr: 0.00046787746847547093
