OCAR_alpha_ema: 0.166627057711551
online_lr: 0.00020210314515344195
